
Distance between is =    1 (Bi), ia =    1 and
 is =    1 (Bi), ia =    1 :    0.000000000    
 is =    1 (Bi), ia =    2 :    5.803619841    

Distance between is =    1 (Bi), ia =    2 and
 is =    1 (Bi), ia =    1 :    5.803619841    
 is =    1 (Bi), ia =    2 :    0.000000000    
