
+----------------------------+
| Real-space lattice vectors |
+----------------------------+

vector a1 :    4.295000000       7.439158219       0.000000000    
vector a2 :    8.590000000       0.000000000       0.000000000    
vector a3 :  -0.4768321155E-15   4.959438812      -7.473333333    

Stored column-wise as a matrix :
   4.295000000       8.590000000     -0.4768321155E-15
   7.439158219       0.000000000       4.959438812    
   0.000000000       0.000000000      -7.473333333    

Inverse of matrix :
  -0.000000000      0.1344238112      0.8920606600E-01
  0.1164144354     -0.6721190561E-01 -0.4460303300E-01
   0.000000000       0.000000000     -0.1338090990    

Unit cell volume :    477.5637051    


+----------------------------------+
| Reciprocal-space lattice vectors |
+----------------------------------+

vector b1 :   -0.000000000      0.8446097155      0.5604982432    
vector b2 :   0.7314534700     -0.4223048578     -0.2802491216    
vector b3 :    0.000000000       0.000000000     -0.8407473650    

Stored column-wise as a matrix :
  -0.000000000      0.7314534700       0.000000000    
  0.8446097155     -0.4223048578       0.000000000    
  0.5604982432     -0.2802491216     -0.8407473650    

Inverse of matrix :
  0.6835704806       1.183978803       0.000000000    
   1.367140961       0.000000000       0.000000000    
 -0.9025318897E-16  0.7893192019      -1.189417941    

Brillouin zone volume :   0.5194075907    
