
+----------------------------+
| Real-space lattice vectors |
+----------------------------+

vector a1 :   -1.858370631       3.092848112       0.000000000    
vector a2 :   0.9972503459       2.061898741      -3.555186000    
vector a3 :   -3.852871323      -1.030949371      -3.555186000    

Stored column-wise as a matrix :
  -1.858370631      0.9972503459      -3.852871323    
   3.092848112       2.061898741      -1.030949371    
   0.000000000      -3.555186000      -3.555186000    

Inverse of matrix :
 -0.1490647906      0.2337594168      0.9375974513E-01
  0.1490647906      0.8956716236E-01 -0.1875194903    
 -0.1490647906     -0.8956716236E-01 -0.9375974514E-01

Unit cell volume :    73.76423542    


+----------------------------------+
| Reciprocal-space lattice vectors |
+----------------------------------+

vector b1 :  -0.9366017022       1.468753733      0.5891098530    
vector b2 :   0.9366017022      0.5627670785      -1.178219706    
vector b3 :  -0.9366017022     -0.5627670785     -0.5891098531    

Stored column-wise as a matrix :
 -0.9366017022      0.9366017022     -0.9366017022    
   1.468753733      0.5627670785     -0.5627670785    
  0.5891098530      -1.178219706     -0.5891098531    

Inverse of matrix :
 -0.2957688720      0.4922420653       0.000000000    
  0.1587173221      0.3281613768     -0.5658254255    
 -0.6132035162     -0.1640806885     -0.5658254255    

Brillouin zone volume :    3.362743639    
